# Fix print output for fix def
0 0 0 0 6.38384202456001 6.38334202456001 0
0 0 0 0 6.40884202456 6.40816843592835 -0.00108796617775438
-0.00455051581194965 -0.00582342356282295 0.0535127011227754 0.0540206315920347 6.43384202455998 6.43874408771919 -0.000395075516771927
0.0272707301465347 0.0356172020547074 -0.321750308014508 -0.324862337786887 6.45884202455997 6.42585579078128 -0.00414319135022513
0.012466977347082 0.0162229321318419 -0.148773891089569 -0.150174164625803 6.48384202455996 6.46832460809738 -0.00887558336211515
0.0233988433651933 0.0306984685892764 -0.283545432800958 -0.28616064423124 6.50884202455994 6.47972596013682 -0.0135988335214399
0.0300037006885945 0.0404897588156738 -0.36857411732659 -0.372003390558523 6.53384202455993 6.49614168550408 -0.0243212126618054
0.0298968198435245 0.0404603703181428 -0.368179606621561 -0.371600705240242 6.55884202455991 6.52118195403589 -0.0323058109404318
0.0476866701847289 0.0639680365635131 -0.591127544973657 -0.596487805945504 6.5838420245599 6.52369324396535 -0.0451785873986491
0.034831909273767 0.0464397699771801 -0.43484082488928 -0.438698594857083 6.60884202455989 6.56447216507418 -0.0592331668876225
0.0572327344021062 0.0753375930025746 -0.699961183241493 -0.706326409566706 6.63384202455987 6.5627093836032 -0.0723655110058701
0.0572295137561618 0.0738666806245403 -0.695392922801457 -0.701642943977638 6.65884202455986 6.58817773016209 -0.0918848513831485
0.0498397784082838 0.0654103018792507 -0.621485350611764 -0.626902346565036 6.68384202455984 6.62065178990334 -0.108941026552322
0.0813509412217062 0.109718957700303 -1.02654582905245 -1.03559285651335 6.70884202455983 6.6047827389085 -0.130004150972188
0.0629319298530828 0.0863684462147951 -0.81132832312063 -0.81833586270817 6.73384202455982 6.651508438289 -0.152431224999903
0.0706879159203322 0.100275395351146 -0.933391834600084 -0.941420338248595 6.7588420245598 6.66419999073494 -0.174543382307795
0.083370473013139 0.119316988036335 -1.11171861063989 -1.12120713904594 6.78384202455979 6.6712213106552 -0.20288341945726
0.0765788245590815 0.10640763425085 -1.017241406304 -1.02565441533542 6.80884202455977 6.70577658302623 -0.227479408062413
0.0947457841177091 0.130575759145874 -1.24471503725064 -1.25512641452663 6.83384202455976 6.7078293831071 -0.256123312861685
0.0855704600461171 0.119830266234657 -1.13670795114843 -1.1462052881323 6.85884202455975 6.74372149574652 -0.288411489614611
0.0968813610496277 0.135350266882398 -1.30123489043676 -1.31183761683904 6.88384202455973 6.75215826287583 -0.317834093306259
0.105328410645658 0.150204460028884 -1.44570283661462 -1.45729617638189 6.90884202455972 6.76261240692153 -0.352790388328925
0.0910945025678311 0.134339270608017 -1.27674506841233 -1.28702106344099 6.93384202455971 6.80463991821561 -0.387060764128089
0.11131698562481 0.163656227199761 -1.55706657739679 -1.56959585831386 6.95884202455969 6.80138243872831 -0.422731810668316
0.111611144639104 0.159996179371015 -1.55503582226205 -1.56722437243019 6.98384202455968 6.82661958731666 -0.462607258391315
0.109587127761578 0.157803313917415 -1.52992427016518 -1.54194017292981 7.00884202455966 6.85414800726668 -0.499775951603104
0.126527131777404 0.182262378065571 -1.76187576839098 -1.77579134832255 7.03384202455965 6.8557628897274 -0.541667062425755
0.116447209845738 0.168073180733413 -1.64439925755051 -1.65706290314984 7.05884202455964 6.89263573424465 -0.584733734970466
0.126101789272205 0.188829797122788 -1.82182620331877 -1.83592185798796 7.08384202455962 6.89974983876083 -0.626504290713977
0.128227953592149 0.195122827895702 -1.89330742205656 -1.90764994704555 7.10884202455961 6.91757702985505 -0.673623267239363
0.118297568181957 0.178326322926173 -1.753809992977 -1.76681750148456 7.13384202455959 6.95666027441114 -0.719337696896147
0.141184014078036 0.213031781673687 -2.06719725235098 -2.08293541569625 7.15884202455958 6.95004848298996 -0.766679789087997
0.135206475340751 0.201225844073738 -1.99007988652067 -2.00479190591726 7.18384202455957 6.98286283396784 -0.817697416814017
0.131356686477034 0.192285489446991 -1.93150127174928 -1.94548848655118 7.20884202455955 7.01379317590444 -0.866525074054327
0.149979601581558 0.228549630869886 -2.24720726147235 -2.26377324188519 7.23384202455954 7.00696470037102 -0.919554652892018
0.134207108947158 0.211581829994183 -2.0883915865104 -2.10336821253034 7.25884202455953 7.04800520330649 -0.973418356910151
0.13620995974867 0.217977407876668 -2.14557946858005 -2.16092076658808 7.28384202455951 7.0672499479007 -1.02619271488107
0.149492866066495 0.242199721350034 -2.38239302218766 -2.39933435231425 7.3088420245595 7.06840858932807 -1.08449542735738
0.13886625594983 0.220754336292004 -2.22003363230555 -2.23529989992417 7.33384202455948 7.10981203456707 -1.14059218698118
0.15534504194758 0.239826282672467 -2.37978239049178 -2.39687566511343 7.35884202455947 7.11865445804813 -1.19785628032595
0.159856263553294 0.250976959188954 -2.49627031087331 -2.51394290388396 7.38384202455946 7.13194773417106 -1.26066865527054
0.144450468404988 0.234985560663797 -2.38252619346368 -2.39844016270647 7.40884202455944 7.1684980082888 -1.31911458633908
0.152486435618969 0.260681590480908 -2.56651293487862 -2.58422051101734 7.43384202455943 7.17491997345769 -1.3813862830991
0.146795340556693 0.262779837449904 -2.59555938386134 -2.61295438730377 7.45884202455941 7.19704658582904 -1.44762332811744
0.142730618061929 0.257977574022133 -2.57645259984777 -2.59326675397905 7.4838420245594 7.2240153491615 -1.50894170396875
0.156948817194409 0.271089784800981 -2.70020661633994 -2.71831535579817 7.50884202455939 7.23651048897957 -1.57629211894267
0.159069578479991 0.266846854188393 -2.72816314045628 -2.74579396447227 7.53384202455937 7.25876262811215 -1.64478785250211
0.155940664038173 0.267011913045752 -2.70447420408225 -2.72209360106433 7.55884202455936 7.28613266445293 -1.70981756194504
0.160425541419901 0.282974466611344 -2.83053041402914 -2.84916010919671 7.58384202455935 7.29842601363968 -1.78168679641537
0.151117641156348 0.279532041911595 -2.85755021225845 -2.87516398132389 7.60884202455933 7.32082562642694 -1.85177406761006
0.141990136755997 0.278880744387688 -2.81084527440932 -2.82821265558222 7.63384202455932 7.3505207590011 -1.92126015004272
0.155404101399407 0.299574065119548 -3.02937301908102 -3.04811350575402 7.6588420245593 7.3535306739839 -1.99667862522875
0.152627891914596 0.284424247061588 -2.91268377981874 -2.9305151811458 7.68384202455929 7.39029050644471 -2.06874495679745
0.158945870823544 0.290080837714443 -2.95214360928822 -2.97061653064179 7.70884202455928 7.4112803714951 -2.1428819713253
0.172605308362292 0.308302376685231 -3.19407328362036 -3.21355676612099 7.73384202455926 7.41198634794716 -2.22028809118586
0.151858930203619 0.285404642393323 -2.93958398641515 -2.95730805932873 7.75884202455925 7.46261121862638 -2.29568490385341
0.155404910312536 0.312063841424598 -3.18156919564348 -3.20061198428386 7.78384202455923 7.46328082613085 -2.37347589713106
0.153829027355282 0.316776584339697 -3.24931013343715 -3.26833705686857 7.80884202455922 7.48150831887236 -2.45273539554015
0.140992843195715 0.294510633271009 -3.04444008041253 -3.06189988375916 7.83384202455921 7.52715203618329 -2.53226376384256
0.160215982322506 0.325651326934616 -3.3782345211465 -3.39767367879727 7.85884202455919 7.51857465667947 -2.61183063261857
0.15913695865976 0.312472925015788 -3.21111926761628 -3.23020910334547 7.88384202455918 7.56032111422463 -2.69457575661113
0.159571978705086 0.313270320452148 -3.27880465774204 -3.29759935311963 7.90884202455917 7.5785820892472 -2.77693391552025
0.160402835415877 0.32473645221728 -3.37631483415818 -3.39568618873486 7.93384202455915 7.59377340568567 -2.85789698237176
0.154635097071061 0.324190585248665 -3.36778551064058 -3.38688511681319 7.95884202455914 7.61965351287782 -2.94554303299192
0.146367143286282 0.323183557429484 -3.40452066839882 -3.42295660708419 7.98384202455912 7.64104636385071 -3.02793931139608
0.139840500949014 0.319866498447881 -3.30788984908509 -3.32625994116744 8.00884202455913 7.67571603044238 -3.1138296925221
0.158411757349472 0.349476311565089 -3.66281563250511 -3.68285844622563 8.03384202455916 7.66505617993659 -3.20183143209472
0.140480246931141 0.305690071238524 -3.23447875305673 -3.25192772419792 8.05884202455919 7.73314925213939 -3.28810886150926
0.162858539570014 0.345986927732096 -3.65914719386558 -3.67907434614288 8.08384202455922 7.71543458994493 -3.37649037845879
0.153836625760766 0.334118463862323 -3.49015500439865 -3.50948469294968 8.10884202455925 7.75739355526428 -3.46530145070528
0.145944799457895 0.331292003940904 -3.5265919800292 -3.54512415438025 8.13384202455928 7.77882960912125 -3.55677629255826
0.141056226442531 0.336433083505449 -3.58470882411531 -3.60322375552579 8.15884202455931 7.79801964900673 -3.6436200187757
0.136736312066998 0.342874042851682 -3.64981821428515 -3.66843732747702 8.18384202455934 7.81649829181164 -3.73838980999261
0.138021929039224 0.340149363887909 -3.66603857725854 -3.68437111222484 8.20884202455937 7.83990491333689 -3.82839038363614
0.142502694163351 0.334244076296438 -3.57526596100858 -3.5936823471656 8.2338420245594 7.87397378984284 -3.9212672076604
0.155627329123285 0.363885383023295 -3.89064090505091 -3.91071848764436 8.25884202455943 7.86727017579499 -4.01333722133762
0.140582762965656 0.335898688894198 -3.62591315287789 -3.64415115419994 8.28384202455946 7.91892690913947 -4.10942605661814
0.14227344669787 0.352130351980751 -3.85438583139525 -3.87305146566397 8.30884202455949 7.92103687799309 -4.20116278412818
0.125039058459994 0.345524530724788 -3.71851183611081 -3.73662310686659 8.33384202455952 7.95967971387286 -4.29745016122036
0.13615319000349 0.364682457943618 -3.97489329570233 -3.99390882451005 8.35884202455955 7.95895114210855 -4.39243265862954
0.132218602614111 0.333404944129547 -3.65672515540005 -3.67427264608695 8.38384202455958 8.01591475995089 -4.48899302434016
0.147195903133631 0.368395259446269 -4.02577846584771 -4.04527798268116 8.40884202455961 8.0038142262915 -4.58375312418475
0.137625442415572 0.347972191167397 -3.74889981841466 -3.76752906514806 8.43384202455965 8.05658911804484 -4.68317061622526
0.142297930404399 0.362608378107736 -3.98722753244888 -4.00620979635237 8.45884202455968 8.05772104492444 -4.77916138289027
0.124370368949117 0.335710618196119 -3.70792165060571 -3.72516477150646 8.48384202455971 8.11082554740906 -4.87748808786778
0.131132836876178 0.371486995881999 -4.09471144042811 -4.11361886778412 8.50884202455974 8.09698013778132 -4.97447432673463
0.117211411877315 0.345282213136332 -3.83384661710208 -3.85114764781197 8.53384202455977 8.14822725977857 -5.07619093199883
0.12733216494644 0.356510450747936 -4.0104772782041 -4.02830500095435 8.5588420245598 8.15551152446436 -5.17216583304744
0.13192630241774 0.355368280394123 -3.91910416684326 -3.93739363469644 8.58384202455983 8.18960266109018 -5.27380498518279
0.138115432989692 0.369415963025863 -4.03624001663065 -4.05546267377951 8.60884202455986 8.20279575718191 -5.37073321452081
0.139589174883115 0.362927098942276 -4.02051505126414 -4.03927499612649 8.63384202455989 8.22941452494724 -5.47407723675984
0.123018200883747 0.344625708142148 -3.88897411200549 -3.90615155879928 8.65884202455992 8.26772686867999 -5.56992747674156
0.118878830711839 0.369204437626208 -4.14004588748426 -4.15817556671549 8.68384202455995 8.2675244678884 -5.67348555138358
0.108684305515845 0.339915838187015 -3.77284146237294 -3.78968174857945 8.70884202455998 8.32937384970204 -5.77114464019944
0.12203582897945 0.366178749638256 -4.16836950641128 -4.18620161509462 8.73384202456001 8.31472186305055 -5.87324150631675
0.112996696086621 0.326689076275045 -3.6935042572957 -3.70964522623732 8.75884202456004 8.38737750193631 -5.97248327722048
0.127238817103816 0.371554472056557 -4.10792707855613 -4.12665813037837 8.78384202456007 8.37067621152224 -6.07035641561994
0.108951519763172 0.327648603938269 -3.57900467700615 -3.59562213244847 8.8088420245601 8.44877981131526 -6.16778043042139
0.0925294129970605 0.291387680969887 -3.21461554714977 -3.22912086934937 8.83384202456013 8.5104299376252 -6.25169330205157
0.0375804294879981 0.132316218888779 -1.44114910846755 -1.44769838823504 8.85884202456016 8.71357218573666 -6.31329934521269
-0.0146605312115089 -0.0600566854910156 0.626832207886601 0.629873283678202 8.8838420245602 8.94632935292801 -6.32193606183175
-0.0111386865156191 -0.0579019294427963 0.561618392073591 0.564705163856164 8.90884202456023 8.96481254094584 -6.30096114456528
0.00609822745559568 0.0373027513405988 -0.34675021066926 -0.348804231962364 8.93384202456026 8.89846160136402 -6.30039715839512
0.00730651727969184 0.040962929947006 -0.386354854169184 -0.38858901189392 8.95884202456029 8.91948312337089 -6.30995895585985
0.00225750383901824 0.0102048183894454 -0.101268031308539 -0.101805936993144 8.98384202456032 8.973161430861 -6.31642530298821
-0.00595415305117003 -0.0228121066120812 0.238190323612795 0.239354286381935 9.00884202456035 9.03227745319854 -6.31412110604606
0.0031108808342406 0.0118217909930707 -0.122955325419376 -0.123561500358459 9.03384202456038 9.02098587452453 -6.31335277352006
0.00379232730350648 0.0155525141620549 -0.155485681029468 -0.156307579625351 9.05884202456041 9.04271126659787 -6.31697582642959
0.00457015828399687 0.0199154867422779 -0.1939636567859 -0.195036953197801 9.08384202456044 9.06383832924066 -6.32021410707897
0 0 0 0 9.10884202456047 9.10868839069427 -6.32369365398719
0 0 0 0 9.1338420245605 9.13363853158115 -6.32325167144924
-0.00383597720107542 -0.015138344114316 0.151784517399296 0.152585791952422 9.15884202456053 9.17360060375577 -6.32068728630414
0.00264093704584384 0.00990088171254344 -0.100616397226094 -0.101136844907902 9.18384202456056 9.17322834006977 -6.31963475081022
0.00530833954781762 0.0191105102631439 -0.195192262675388 -0.196197373783673 9.20884202456059 9.18872228718222 -6.32428881876451
0.00298979846914405 0.0105337694427299 -0.106739315204862 -0.107299490231602 9.23384202456062 9.22261207553746 -6.32815024903423
-0.00182357809299927 -0.00628811975592836 0.0630242044955942 0.063363366698974 9.25884202456065 9.26467836123055 -6.32834107751856
0.000521127373226959 0.00173787249158397 -0.0172237294462363 -0.0173190251045859 9.28384202456068 9.28161012205022 -6.32715320117508
0.00647006776355596 0.0207000108308208 -0.204433187683488 -0.205580350354049 9.30884202456071 9.28778398952531 -6.3309703918526
-0.0038001180296382 -0.0118267938035999 0.117835123287211 0.11848810163398 9.33384202456075 9.34519083472414 -6.33184567547839
-0.000440819829104488 -0.00136971646004347 0.0137267219326453 0.0138019324849389 9.35884202456078 9.35972221780927 -6.32927424533425
0.000471006046140476 0.00148039272678147 -0.0149574293865662 -0.0150378889201617 9.38384202456081 9.38183823566879 -6.33021421466849
0.00635735355107414 0.020630885033045 -0.209964878976763 -0.211071788179157 9.40884202456084 9.38723484574292 -6.33280970767552
0 0 0 0 9.43384202456087 9.43401671874029 -6.33638199651305
-0.00341344085096507 -0.0123251981874917 0.125121363321714 0.125773278753034 9.4588420245609 9.4709193524362 -6.33309899683587
0.00316505653334548 0.0124227999736304 -0.123635943056364 -0.124298793065261 9.48384202456093 9.4709121452544 -6.3343156412609
0 0 0 0 9.50884202456096 9.50759248653906 -6.33544873391876
0.00150139591798881 0.005584169034063 -0.0558934028889979 -0.0561917219883444 9.53384202456099 9.52772285236215 -6.33698321707067
-0.00635446029372322 -0.0210707567284973 0.215002233468127 0.216125695721307 9.55884202456102 9.57995459413315 -6.33419197238425
0.010234562990204 0.0321745362941617 -0.324897649303821 -0.326647255596146 9.58384202456105 9.55067729900144 -6.33495806085785
0.00245266890070206 0.00750657287894696 -0.0743208838246545 -0.0747392667451401 9.60884202456108 9.60086809788657 -6.34188456098747
-0.00274261392979591 -0.00854299991293272 0.0823999825186306 0.0828870430028174 9.63384202456111 9.64163072886139 -6.34028237543919
